8 64 52 107 74 68 77 75 112 3
5 89 83 113 119 71 11
3 45 81 49 11
6 57 41 58 85 61 90 9
0 4
2 47 44 13
8 69 57 79 42 117 61 124 49 7
7 99 37 124 45 103 55 39 5
9 98 78 108 80 44 68 120 114 33 14
4 113 72 98 114 14
1 83 6
4 55 79 85 91 10
0 12
7 86 93 120 110 44 94 41 10
9 86 74 78 94 70 112 86 86 113 12
2 93 112 2
5 63 84 78 101 76 14
9 47 52 112 55 38 87 87 89 102 1
8 37 51 64 45 114 114 48 90 11
0 15
1 52 4
6 92 62 103 72 88 69 11
4 88 48 64 62 2
6 104 85 64 79 50 101 10
6 113 96 52 74 113 88 9
2 42 99 2
1 38 6
2 62 112 15
6 69 110 79 60 53 100 1
9 84 89 106 74 51 49 75 98 94 10
1 48 5
6 33 90 111 36 125 33 2
7 123 101 98 75 107 108 82 9
0 15
2 84 97 7
1 35 6
6 67 91 56 93 59 118 8
6 114 33 84 36 79 100 2
1 108 12
0 2
4 45 67 109 42 1
5 43 51 93 105 93 13
5 70 46 84 112 39 3
6 36 49 44 49 84 102 10
8 96 86 91 90 115 47 85 123 12
6 75 115 69 118 98 68 7
4 66 81 77 48 11
9 64 65 89 65 84 70 84 94 66 11
3 50 98 99 11
6 48 89 52 52 47 70 15
2 105 115 12
1 78 1
3 107 80 80 10
8 98 111 37 49 79 106 94 84 6
9 125 40 58 59 123 76 97 68 61 2
7 56 78 84 103 67 42 96 5
1 111 6
9 117 122 39 98 94 39 101 41 82 6
6 64 122 119 123 38 96 13
5 106 119 100 58 52 5
2 51 82 3
4 74 54 91 111 10
7 65 51 65 44 110 120 99 13
6 36 34 116 85 88 64 10
8 57 75 97 37 104 75 124 39 10
9 121 56 106 50 99 57 46 88 115 7
7 78 36 122 42 95 40 90 8
7 35 67 85 101 51 118 57 11
9 44 61 105 106 85 61 84 84 107 13
1 60 7
2 35 36 3
2 113 36 3
3 69 86 86 9
3 123 102 82 8
5 61 81 122 34 39 1
5 46 58 61 35 122 11
9 71 49 44 40 59 72 101 71 69 2
3 57 94 43 13
9 87 110 87 100 114 69 73 91 89 12
3 120 58 49 2
2 76 116 8
6 81 84 56 89 125 90 9
2 69 125 5
9 33 68 94 122 55 61 110 40 91 9
6 111 100 125 73 47 59 6
6 101 44 43 43 62 49 6
2 102 96 3
9 45 96 99 98 34 84 58 91 95 13
6 56 47 80 35 52 121 7
0 12
0 13
6 34 65 59 87 61 59 11
1 81 3
7 104 93 59 117 79 109 59 11
5 96 62 97 64 89 8
9 71 125 103 96 84 102 112 58 114 3
6 103 84 89 76 43 70 8
7 124 40 114 124 50 122 70 7
6 35 40 98 44 80 82 3
4 55 91 101 38 5